10,113
10,69
10,211
10,127
10,309
10,229
10,279
10,71
10,2
10,3
9,7
9,1
9,5
9,2
9,3
8,11
8,10
8,9
48,3
48,2
48,1
47,3
47,2
47,1
46,3
46,1
45,3
45,1
43,3
43,1
2,2
40,3
2,1
40,1
38,3
2,3
38,1
36,3
36,1
34,3
34,1
29,3
29,1
26,3
26,1
20,3
20,2
20,1
19,3
19,2
19,1
18,3
18,1
17,3
17,2
17,1
16,3
16,2
16,1
15,3
15,2
15,1
14,3
14,2
14,1
13,3
13,2
13,1
12,3
12,2
12,1
11,29
11,28
11,27
11,26
11,25
11,24
11,23
11,22
11,21
11,20
11,19
11,18
11,17
11,16
11,15
11,14
11,13
11,12
11,11
11,10
11,8
11,7
11,6
11,5
11,4
11,3
11,2
11,1
10,307
10,306
10,296
10,289
10,274
10,264
10,258
10,257
10,252
10,251
10,250
10,246
10,231
10,222
